%YAML:1.0
rotation: !!opencv-matrix
   rows: 3
   cols: 3
   dt: d
   data: [ 9.9999932279092762e-01, 1.1418659978192800e-03,
       -2.2485490683788145e-04, -1.1422648685177200e-03,
       9.9999776014165309e-01, -1.7818368744440499e-03,
       2.2281978425420061e-04, 1.7820925116285419e-03,
       9.9999838724751144e-01 ]
translation: !!opencv-matrix
   rows: 3
   cols: 1
   dt: d
   data: [ -5.2017152124108991e-02, -2.4045118112262469e-04,
       2.9454469402941368e-04 ]
essential: !!opencv-matrix
   rows: 3
   cols: 3
   dt: d
   data: [ 2.8287077589668930e-07, -2.9497254054031309e-04,
       -2.3992596273739050e-04, 3.0613494517488655e-04,
       9.3035707847567608e-05, 5.2017002003497723e-02,
       2.9986838371861500e-04, -5.2016761050028761e-02,
       9.2632013130372647e-05 ]
fundamental: !!opencv-matrix
   rows: 3
   cols: 3
   dt: d
   data: [ 1.9731570930693606e-10, -2.0533114366326771e-07,
       -1.9484772545527813e-05, 2.1297242074431652e-07,
       6.4589181747782925e-08, 1.3190795684430680e-02,
       1.1203310138770501e-04, -3.8438663277953075e-02, 1. ]
