%YAML:1.0
cameraMatrix: !!opencv-matrix
   rows: 3
   cols: 3
   dt: d
   data: [ 3.6638346288148574e+02, 0., 2.5564531890330468e+02, 0.,
       3.6714380707081017e+02, 2.0398020160452000e+02, 0., 0., 1. ]
distortionCoefficients: !!opencv-matrix
   rows: 1
   cols: 5
   dt: d
   data: [ 1.0952761399998089e-01, -3.1461678804886056e-01,
       -1.2613602146463686e-03, -7.1815538262097348e-04,
       1.2565382780717374e-01 ]
rotation: !!opencv-matrix
   rows: 3
   cols: 3
   dt: d
   data: [ 1., 0., 0., 0., 1., 0., 0., 0., 1. ]
projection: !!opencv-matrix
   rows: 4
   cols: 4
   dt: d
   data: [ 3.6677544568158339e+02, 0., 2.5556683247282524e+02, 0., 0.,
       3.6781383188070873e+02, 2.0379944675671842e+02, 0., 0., 0., 1.,
       0., 0., 0., 0., 1. ]
