%YAML:1.0
rotation: !!opencv-matrix
   rows: 3
   cols: 3
   dt: d
   data: [ 9.9979883926593693e-01, -1.6871335541758126e-02,
       -1.0846153213119176e-02, 1.6891097527572209e-02,
       9.9985583336600126e-01, 1.7330055664057141e-03,
       1.0815351441312036e-02, -1.9158603854556545e-03,
       9.9993967700666042e-01 ]
translation: !!opencv-matrix
   rows: 3
   cols: 1
   dt: d
   data: [ -5.2052476112081990e-02, -4.6313865353939110e-04,
       8.8806735554907584e-04 ]
essential: !!opencv-matrix
   rows: 3
   cols: 3
   dt: d
   data: [ -2.0009439617717153e-05, -8.8705201686837285e-04,
       -4.6464974129998811e-04, 1.4508545338106024e-03,
       -1.1470815928716492e-04, 5.2039704036310315e-02,
       -4.1617796233292743e-04, -5.2052785649435836e-02,
       -9.5230503642644511e-05 ]
fundamental: !!opencv-matrix
   rows: 3
   cols: 3
   dt: d
   data: [ -1.1817221592596941e-08, -5.2697406371005770e-07,
       1.1627629703684574e-05, 8.6173835202613450e-07,
       -6.8533918097934840e-08, 1.1146863908955499e-02,
       -7.0056301516242358e-04, -3.2237824184460216e-02, 1. ]
