image: map.pgm
resolution: 0.050000
# origin: [000,0.00, 0.000000]
origin: [-50.00, -50.00, 0.000000]

negate: 0
occupied_thresh: 0.65
free_thresh: 0.196
