%YAML:1.0
depthShift: -1.3354238655403018e+01
