%YAML:1.0
cameraMatrix: !!opencv-matrix
   rows: 3
   cols: 3
   dt: d
   data: [ 1.0599465578241038e+03, 0., 9.5488326677588441e+02, 0.,
       1.0539326808799726e+03, 5.2373858291060583e+02, 0., 0., 1. ]
distortionCoefficients: !!opencv-matrix
   rows: 1
   cols: 5
   dt: d
   data: [ 5.6268441170930321e-02, -7.4199141308694802e-02,
       1.4250797540545752e-03, -1.6951722389720336e-03,
       2.4107681263086548e-02 ]
rotation: !!opencv-matrix
   rows: 3
   cols: 3
   dt: d
   data: [ 1., 0., 0., 0., 1., 0., 0., 0., 1. ]
projection: !!opencv-matrix
   rows: 4
   cols: 4
   dt: d
   data: [ 1.0599465578241038e+03, 0., 9.5488326677588441e+02, 0., 0.,
       1.0539326808799726e+03, 5.2373858291060583e+02, 0., 0., 0., 1.,
       0., 0., 0., 0., 1. ]
