%YAML:1.0
cameraMatrix: !!opencv-matrix
   rows: 3
   cols: 3
   dt: d
   data: [ 3.6694757270064110e+02, 0., 2.4298551682775121e+02, 0.,
       3.6479117165721783e+02, 2.0769853575457685e+02, 0., 0., 1. ]
distortionCoefficients: !!opencv-matrix
   rows: 1
   cols: 5
   dt: d
   data: [ 9.6558110377123016e-02, -2.8298244017989416e-01,
       1.5889951609432634e-04, -5.0751483524871712e-04,
       1.0523948765859192e-01 ]
rotation: !!opencv-matrix
   rows: 3
   cols: 3
   dt: d
   data: [ 1., 0., 0., 0., 1., 0., 0., 0., 1. ]
projection: !!opencv-matrix
   rows: 4
   cols: 4
   dt: d
   data: [ 3.6694757270064110e+02, 0., 2.4298551682775121e+02, 0., 0.,
       3.6479117165721783e+02, 2.0769853575457685e+02, 0., 0., 0., 1.,
       0., 0., 0., 0., 1. ]
